2017  86  0  0     4.48    16.25   371.30     23703.0    1.48   -3.30   -1.20
2017  86  0  5     4.87    17.68   371.20     25356.0    1.40   -2.62    0.22
2017  86  0 10     5.24    18.98   371.70     23766.0    1.39   -2.90    0.94
2017  86  0 15     4.98    17.98   372.10     25025.0    1.83   -3.37    0.46
2017  86  0 20     4.62    16.70   372.10     26645.0    1.97   -3.80   -0.23
2017  86  0 25     4.73    17.04   372.50     26305.0    1.98   -3.70   -0.21
2017  86  0 30     4.97    18.01   371.60     27402.0    1.81   -2.93    0.04
2017  86  0 35     5.78    20.91   371.80     26382.0    1.31   -2.30   -0.32
2017  86  0 40     5.53    20.01   371.70     29842.0    0.95   -2.05   -1.62
2017  86  0 45     6.23    22.54   371.80     30172.0    1.10   -1.98   -1.43
2017  86  0 50     6.39    23.09   372.00     29444.0    1.35   -2.28   -1.39
2017  86  0 55     6.40    23.17   371.60     27500.0    1.64   -2.64   -1.20
2017  86  1  0     6.26    22.21   375.40     28098.0    2.07   -2.96    0.85
2017  86  1  5     5.94    20.97   376.40     26758.0    2.58   -3.59    0.39
2017  86  1 10     4.89    17.25   376.40     32481.0    3.63   -4.69   -1.60
2017  86  1 15     5.29    18.63   377.00     34530.0    3.35   -4.66   -0.37
2017  86  1 20     6.62    22.87   380.50     32415.0    2.59   -4.43    1.08
2017  86  1 25     6.35    21.80   381.70     33594.0    2.25   -4.65    0.81
2017  86  1 30     6.27    21.32   383.40     39170.0    2.05   -4.09    0.79
2017  86  1 35     6.70    22.71   384.20     35484.0    1.68   -3.08    0.83
2017  86  1 40     6.85    23.15   384.50     36540.0    1.72   -3.17    0.74
2017  86  1 45     6.96    23.51   384.60     35464.0    1.92   -3.29    0.21
2017  86  1 50     6.98    23.58   384.70     38931.0    1.91   -3.37   -0.05
2017  86  1 55     7.09    23.79   386.20     36500.0    1.87   -3.37    0.06
2017  86  2  0     6.79    22.63   387.30     37617.0    2.81   -4.77   -0.54
2017  86  2  5     5.06    17.35   381.80     37292.0    4.39   -5.70   -1.44
2017  86  2 10     4.95    16.85   383.20     36437.0    4.33   -5.99   -2.11
2017  86  2 15     4.92    16.99   380.30     38513.0    5.11   -5.25   -2.96
2017  86  2 20     4.69    16.42   378.10     37767.0    5.58   -5.11   -2.82
2017  86  2 25     5.03    17.53   378.80     41155.0    4.97   -5.48   -2.64
2017  86  2 30     5.30    18.03   383.60     32452.0    4.48   -4.92   -3.56
2017  86  2 35     5.46    18.62   382.90     36375.0    4.45   -3.97   -4.60
2017  86  2 40     5.95    20.28   383.10     33847.0    4.24   -3.16   -4.90
2017  86  2 45     6.23    21.21   383.10     34886.0    4.06   -0.72   -5.24
2017  86  2 50     6.05    20.52   384.10     32297.0    3.96   -3.37   -3.94
2017  86  2 55     7.15    23.77   387.60     36916.0    3.93   -4.30   -2.71
2017  86  3  0     8.34    27.21   391.40     37918.0    3.26   -3.76   -3.32
2017  86  3  5     7.99    25.86   393.10     35327.0    2.85   -4.35   -3.56
2017  86  3 10     7.59    24.54   393.30     36424.0    3.04   -3.61   -4.87
2017  86  3 15     8.55    27.54   393.90     36998.0    3.41   -3.93   -4.24
2017  86  3 20     7.66    24.77   393.20     40962.0    3.39   -3.38   -4.76
2017  86  3 25     9.56    29.88   399.90     44279.0    2.54   -4.58   -0.10
2017  86  3 30    11.19    34.87   400.70     36815.0    1.84   -2.35   -0.38
2017  86  3 35    11.99    37.42   400.20     36183.0    2.13   -2.01   -1.28
2017  86  3 40     8.06    25.06   400.40     44463.0    4.45   -8.00    0.89
2017  86  3 45     5.88    18.37   400.10     44904.0    5.30   -9.96    1.21
2017  86  3 50     5.91    18.59   398.80     48824.0    6.63   -9.00    0.16
2017  86  3 55     6.04    18.95   399.20     46550.0    6.34   -8.67   -0.73
2017  86  4  0     7.21    22.74   398.20     49409.0    5.62   -6.39   -4.17
2017  86  4  5     8.31    26.65   394.80     50564.0    4.36   -5.05   -4.71
2017  86  4 10     8.48    26.84   397.30     49588.0    6.07   -5.18   -4.16
2017  86  4 15     8.64    27.02   399.70     48613.0    6.08   -5.01   -3.93
2017  86  4 20     9.29    28.88   400.90     50916.0    4.91   -4.91   -5.26
2017  86  4 25     7.89    24.62   400.30     58077.0    6.41   -7.30   -2.53
2017  86  4 30     7.57    23.76   399.20     56860.0    6.90   -8.29   -1.22
2017  86  4 35     7.40    23.15   399.70     67008.0    6.72   -6.30   -3.03
2017  86  4 40     8.37    25.98   401.40     75370.0    7.63   -7.15   -1.73
2017  86  4 45     8.02    23.29   416.60     97595.0    7.69   -4.73   -3.16
2017  86  4 50     8.45    22.23   436.50    100373.0    1.87    0.84   -8.61
2017  86  4 55    10.09    26.47   436.50    115378.0   -1.15    0.99   -9.56
2017  86  5  0     9.94    25.70   439.60    110007.0    0.34    0.76   -9.32
2017  86  5  5    11.74    30.91   435.90    114448.0   -0.60    0.09   -8.14
2017  86  5 10    11.17    29.69   433.50    110904.0    1.02   -1.12   -7.99
2017  86  5 15    10.49    28.43   429.70    106252.0    1.82   -0.31   -9.09
2017  86  5 20    10.26    28.19   426.70    113589.0    3.71   -2.37   -5.62
2017  86  5 25    10.24    28.52   423.60    124294.0    5.47   -2.83   -4.07
2017  86  5 30     9.78    26.91   426.40    148531.0    5.11   -4.30   -5.27
2017  86  5 35     8.11    19.89   451.60    129944.0   -1.99    0.62  -10.34
2017  86  5 40     8.41    20.31   454.90    125121.0    3.48   -3.88  -10.10
2017  86  5 45     8.13    19.33   458.40    113372.0    5.73   -4.86   -8.44
2017  86  5 50     7.78    19.36   448.10    127887.0    8.17   -8.52   -2.32
2017  86  5 55     6.81    17.74   438.20    133410.0    8.43   -7.55   -5.72
2017  86  6  0     6.23    15.72   445.00    110460.0    8.08   -5.53   -9.61
2017  86  6  5     6.12    15.52   444.20    119996.0    8.28   -8.53   -7.05
2017  86  6 10     5.97    15.28   441.90    117977.0    8.53   -8.12   -8.42
2017  86  6 15     5.76    14.97   438.40    124512.0    8.70   -6.43  -10.27
2017  86  6 20     5.82    15.41   434.40    111430.0    5.97   -2.85  -12.77
2017  86  6 25     6.39    16.60   438.50    116054.0    7.07   -3.91  -10.55
2017  86  6 30     5.97    13.44   471.60    186606.0   10.10   -9.21   -2.62
2017  86  6 35     5.74    12.65   476.50    209668.0    9.15  -10.42   -0.54
2017  86  6 40     5.94    13.03   477.40    237798.0    7.39  -11.04    2.83
2017  86  6 45     6.20    13.47   479.50    250310.0    7.58  -10.38    4.29
2017  86  6 50     5.91    12.77   480.80    213233.0    7.86  -11.18    3.12
2017  86  6 55     6.25    13.40   482.90    226982.0    6.24  -11.00    6.11
2017  86  7  0     5.76    12.40   482.00    184851.0    7.39  -12.73    6.13
2017  86  7  5     6.22    13.37   482.40    204196.0    8.89  -12.07    4.28
2017  86  7 10     7.01    15.63   474.20    219836.0    5.50   -8.74    5.53
2017  86  7 15     7.05    16.04   469.70    239855.0    7.29  -10.44    3.77
2017  86  7 20     5.74    12.84   472.60    206348.0    9.03  -13.13    1.70
2017  86  7 25     6.29    14.07   472.60    232653.0    8.65  -11.44   -0.30
2017  86  7 30     7.01    15.45   476.20    265933.0    9.26  -10.63   -1.62
2017  86  7 35     6.93    15.66   470.50    253591.0    9.21  -10.57   -1.93
2017  86  7 40     7.11    16.12   469.60    265253.0    9.40  -10.00   -3.29
2017  86  7 45     6.79    15.28   471.40    233106.0   10.07  -10.58   -1.45
2017  86  7 50     7.02    16.00   468.40    241945.0    9.84  -11.00    0.27
2017  86  7 55     6.78    15.38   469.40    243762.0    9.43  -12.36    0.87
2017  86  8  0     6.50    14.30   476.90    293064.0    8.65  -12.32   -2.62
2017  86  8  5     7.40    16.20   478.00    228843.0   10.46  -10.07    0.01
2017  86  8 10     8.20    17.78   480.10    221088.0    9.10  -10.68   -0.27
2017  86  8 15     7.78    17.06   477.80    260928.0    8.23  -10.77    1.80
2017  86  8 20     7.16    15.49   480.60    268809.0    8.39  -11.34    0.22
2017  86  8 25     7.16    15.36   482.70    266990.0    8.89  -12.37   -1.20
2017  86  8 30     4.72     9.11   508.70    199441.0   11.71  -14.51   -2.44
2017  86  8 35     5.58    10.56   512.90    292527.0   11.06  -13.49   -2.50
2017  86  8 40     6.37    12.14   511.80    349568.0    8.82  -11.54   -4.22
2017  86  8 45     6.93    12.78   520.60    335929.0    8.29   -9.70   -6.97
2017  86  8 50     7.29    13.42   521.10    397835.0    8.46   -8.86   -3.82
2017  86  8 55     8.06    14.96   519.20    513558.0    7.25   -6.58    0.65
2017  86  9  0     7.48    13.99   516.90    414373.0    8.79   -7.62   -4.72
2017  86  9  5     6.29    11.94   513.30    307668.0    8.57   -6.29  -10.52
2017  86  9 10     6.26    11.91   512.70    298714.0    9.23   -7.23   -9.81
2017  86  9 15     6.81    12.43   523.50    331291.0    7.50   -4.61  -12.62
2017  86  9 20     7.77    13.84   529.80    375120.0    9.23   -6.55   -7.21
2017  86  9 25     6.84    13.01   513.70    299042.0    8.50   -6.48   -8.86
2017  86  9 30     6.87    13.25   509.80    329878.0   10.38   -7.18   -6.58
2017  86  9 35     6.78    12.77   515.50    345948.0   10.30   -6.40  -10.10
2017  86  9 40     6.18    11.72   513.30    311371.0   10.26   -6.25   -9.98
2017  86  9 45     6.14    10.92   531.90    304219.0   11.51   -3.97   -9.55
2017  86  9 50     6.20    11.29   524.10    319912.0   10.10   -3.67   -9.71
2017  86  9 55     6.83    12.37   525.00    389977.0    6.90   -3.22  -10.50
2017  86 10  0     6.70    12.53   517.40    419801.0    6.20   -2.92  -11.19
2017  86 10  5     6.34    12.44   504.90    420585.0    8.11   -7.44   -6.11
2017  86 10 10     6.57    12.88   504.90    411307.0    7.04   -7.20   -3.93
2017  86 10 15     6.95    12.21   533.60    349390.0    0.06   -9.16    6.86
2017  86 10 20     7.12    12.70   529.50    366284.0    2.36  -11.29    1.54
2017  86 10 25     7.86    14.03   529.40    399735.0    2.98  -10.07   -1.43
2017  86 10 30     7.66    13.55   531.30    407546.0    2.73   -8.58    5.46
2017  86 10 35     7.23    12.63   534.70    356209.0    2.38   -7.80    5.42
2017  86 10 40     7.10    12.68   529.10    427710.0    3.23   -6.88    4.64
2017  86 10 45     6.72    12.72   514.00    481072.0    6.18   -9.54   -2.37
2017  86 10 50     6.65    12.84   509.10    529778.0    7.49   -9.07    2.64
2017  86 10 55     6.65    12.09   525.80    436854.0    4.11   -9.78    2.47
2017  86 11  0     6.58    11.33   538.70    435022.0    1.83  -12.20    5.38
2017  86 11  5     6.74    11.68   537.30    388842.0    2.16  -11.79    5.27
2017  86 11 10     7.18    12.67   532.50    406462.0    2.89  -11.49    4.80
2017  86 11 15     7.77    12.59   555.00    402292.0   -1.70   -2.85   11.60
2017  86 11 20     8.15    13.30   553.70    451061.0   -1.24   -0.57   11.53
2017  86 11 25     7.98    13.71   539.60    434859.0    3.39   -3.95    9.65
2017  86 11 30     8.10    13.60   545.80    421876.0    5.64   -7.43    5.49
2017  86 11 35     6.91    11.54   547.20    417964.0    7.66  -11.66   -3.41
2017  86 11 40     6.51    10.91   546.20    411788.0    7.45  -10.12   -7.19
2017  86 11 45     6.53    10.89   547.50    350314.0    9.57   -9.24   -6.52
2017  86 11 50     6.58    11.01   546.60    357272.0    8.49   -9.39   -6.75
2017  86 11 55     6.27    10.45   547.90    376692.0    8.41   -8.99   -6.64
2017  86 12  0     6.46    10.93   543.50    328059.0   10.37   -7.46   -5.18
2017  86 12  5     6.28    10.57   544.90    300939.0   10.15   -6.84   -5.89
2017  86 12 10     6.63    11.21   543.80    335307.0   10.37   -5.48   -6.63
2017  86 12 15     7.15    12.37   538.10    381807.0    9.17   -5.83   -6.00
2017  86 12 20     6.71    11.54   539.50    341704.0    7.09   -0.84   -9.14
2017  86 12 25     6.54    10.92   546.90    332248.0    6.17    3.12   -8.67
2017  86 12 30     6.48    11.18   538.30    339255.0    9.10   -3.84   -7.88
2017  86 12 35     5.50     9.28   544.40    305175.0    9.41   -5.99   -7.90
2017  86 12 40     6.42    10.98   541.30    353472.0    7.85    0.88   -8.65
2017  86 12 45     5.89    10.13   539.70    299644.0    9.83   -3.04   -5.99
2017  86 12 50     5.52     9.17   548.60    306739.0    8.77  -10.71   -2.50
2017  86 12 55     5.40     8.96   548.90    290627.0    9.05  -10.34   -3.57
2017  86 13  0     5.38     8.91   549.60    287602.0    8.64   -9.25   -6.23
2017  86 13  5     5.99    10.02   546.50    339372.0    6.78   -3.38   -9.28
2017  86 13 10     5.50     9.09   550.10    252031.0   11.38   -7.58   -4.75
2017  86 13 15     6.14    10.55   539.70    254062.0   11.27   -5.12   -5.22
2017  86 13 20     6.48    11.34   534.70    276067.0   10.22   -2.90   -6.58
2017  86 13 25     6.90    12.27   530.40    307792.0    9.58   -5.30   -5.89
2017  86 13 30     6.53    11.62   530.00    266473.0    9.85   -4.51   -5.93
2017  86 13 35     6.60    11.77   529.70    257218.0    9.40   -4.37   -5.93
2017  86 13 40     6.34    11.30   529.40    248908.0    8.77   -5.56   -5.67
2017  86 13 45     6.13    10.78   533.40    248149.0   10.32   -4.16   -6.26
2017  86 13 50     6.06    10.41   539.60    236405.0   10.37   -4.88   -5.93
2017  86 13 55     5.71     9.72   542.20    243651.0   10.07   -5.04   -6.60
2017  86 14  0     4.98     8.11   554.60    238317.0    8.15   -4.72   -6.40
2017  86 14  5     5.76     9.85   540.50    292912.0    8.48    3.34   -7.57
2017  86 14 10     5.46     9.30   541.90    284540.0    8.35   -1.10   -7.91
2017  86 14 15     5.62     9.21   552.60    263034.0    9.94    0.88   -6.04
2017  86 14 20     5.72     8.66   575.20    325101.0    8.65   -2.81   -6.20
2017  86 14 25     5.22     7.50   589.70    309079.0    8.42   -7.20   -4.31
2017  86 14 30     5.82     7.83   609.50    345118.0    4.51   -9.86    1.30
2017  86 14 35     4.55     6.80   578.40    249586.0    8.07   -8.97   -4.17
2017  86 14 40     4.49     6.66   580.50    256824.0    9.02   -7.13   -4.80
2017  86 14 45     5.00     7.34   583.50    274022.0   10.35   -5.96   -4.98
2017  86 14 50     4.22     6.49   570.50    165119.0   10.93   -4.91   -5.27
2017  86 14 55     4.64     7.12   571.10    196979.0   11.01   -2.62   -5.73
2017  86 15  0     4.47     6.85   571.30    187746.0   10.34   -3.88   -5.76
2017  86 15  5     4.40     6.30   590.90    269245.0    5.77   -9.47   -5.39
2017  86 15 10     4.58     6.44   596.60    312502.0    6.30   -9.30   -5.16
2017  86 15 15     4.35     6.35   585.10    226799.0    9.38   -5.74   -5.51
2017  86 15 20     4.13     6.05   584.40    169657.0   10.02   -4.49   -5.31
2017  86 15 25     3.92     5.86   578.20    131943.0   10.69   -3.14   -5.36
2017  86 15 30     3.88     5.64   587.00    151176.0    9.99   -4.72   -5.75
2017  86 15 35     3.60     5.25   585.50    125505.0   10.79   -3.56   -4.46
2017  86 15 40     3.71     5.43   584.60    128029.0   10.01   -4.30   -3.29
2017  86 15 45     4.01     5.49   604.10    237094.0    7.48   -7.50   -1.10
2017  86 15 50     4.17     5.69   605.90    237370.0    7.50   -7.20   -3.16
2017  86 15 55     3.78     4.90   620.70    221266.0    4.97   -8.26   -3.50
2017  86 16  0     4.00     4.92   638.10    256127.0    4.83   -9.85   -1.00
2017  86 16  5     4.05     5.42   610.80    258360.0    6.26   -8.03    0.67
2017  86 16 10     3.83     4.81   631.00    253851.0    4.91   -8.17    2.38
2017  86 16 15     4.02     4.92   638.80    259730.0    5.53   -6.36    4.51
2017  86 16 20     3.37     4.49   612.70    206387.0    7.69   -4.68    3.40
2017  86 16 25     3.01     4.21   597.40    135875.0    8.01   -4.17    2.81
2017  86 16 30     2.87     4.09   592.10    108484.0    9.10   -4.03   -0.69
2017  86 16 35     3.03     4.29   594.30    128318.0    8.78   -4.67    0.99
2017  86 16 40     3.09     4.35   596.00    138877.0    8.85   -4.67   -0.60
2017  86 16 45     3.85     4.80   633.30    257834.0    3.72   -8.62    2.33
2017  86 16 50     3.72     4.69   629.00    236808.0    5.63   -6.22    4.15
2017  86 16 55     3.79     4.55   645.10    249558.0    5.11   -5.93    4.81
2017  86 17  0     3.75     4.68   632.50    237115.0    4.72   -5.87    5.23
2017  86 17  5     3.66     4.68   626.10    246514.0    5.98   -4.78    4.06
2017  86 17 10     3.51     4.84   602.60    196390.0    8.14   -4.97   -0.99
2017  86 17 15     3.75     5.10   606.30    224808.0    8.71   -1.65    3.04
2017  86 17 20     3.51     4.88   599.40    203907.0    9.35   -1.90    1.73
2017  86 17 25     3.37     4.82   591.10    138512.0    8.98   -3.89    0.50
2017  86 17 30     3.29     4.73   589.80    139639.0    9.22   -3.48   -0.01
2017  86 17 35     3.48     4.85   598.90    189486.0    8.58   -3.48    1.20
2017  86 17 40     2.90     4.18   588.40    106896.0    9.16   -2.86    1.85
2017  86 17 45     3.12     4.44   592.90    154009.0    8.31   -4.84    0.00
2017  86 17 50     3.97     5.41   605.90    253885.0    7.05   -6.60   -0.94
2017  86 17 55     3.53     4.64   616.80    240506.0    6.27   -6.80   -2.76
2017  86 18  0     3.76     4.69   633.30    243728.0    5.95    2.99    0.99
2017  86 18  5     3.85     4.86   630.10    263596.0    6.30    2.59    5.91
2017  86 18 10     3.88     4.98   624.00    271351.0    5.94   -3.51    5.38
2017  86 18 15     3.88     5.06   619.00    249516.0    6.59   -2.86    4.31
2017  86 18 20     3.84     5.21   606.90    229696.0    7.39   -3.31    0.48
2017  86 18 25     3.85     4.89   627.60    243331.0    5.63   -6.64   -3.51
2017  86 18 30     4.10     4.89   646.90    264126.0    3.31   -7.84    2.58
2017  86 18 35     4.45     5.19   653.80    307643.0    4.42   -4.67    1.95
2017  86 18 40     3.81     4.97   620.30    196685.0    5.71   -6.52    0.75
2017  86 18 45     4.20     5.09   641.40    280541.0    4.23   -7.75   -1.93
2017  86 18 50     4.17     5.31   626.40    286212.0    5.50   -4.04   -5.42
2017  86 18 55     4.00     4.99   632.90    267219.0    5.22   -2.79   -6.23
2017  86 19  0     4.07     5.18   627.00    248815.0    5.03   -5.63   -3.92
2017  86 19  5     4.13     5.12   634.60    209380.0    5.23   -4.05   -6.01
2017  86 19 10     3.82     4.76   633.10    143546.0    5.93   -1.95   -6.77
2017  86 19 15     4.68     5.45   653.20    284642.0    3.24   -4.64   -6.46
2017  86 19 20     4.48     5.31   649.50    247567.0    3.38   -3.76   -7.25
2017  86 19 25     4.77     5.62   651.50    298552.0    3.06   -3.22   -7.68
2017  86 19 30     4.11     5.05   637.40    215714.0    5.12   -1.52   -6.93
2017  86 19 35     3.98     5.02   630.00    208063.0    3.94   -1.25   -5.85
2017  86 19 40     4.00     4.90   638.80    211536.0    4.34   -0.41   -5.01
2017  86 19 45     3.92     4.76   641.10    207650.0    5.62   -0.65   -6.02
2017  86 19 50     4.38     5.29   643.60    248375.0    5.36   -1.10   -6.72
2017  86 19 55     4.32     5.23   642.60    220415.0    5.47    0.65   -5.12
2017  86 20  0     4.12     5.10   635.30    236034.0    5.95   -5.27   -1.55
2017  86 20  5     3.84     4.74   635.90    259062.0    6.14   -6.19   -0.78
2017  86 20 10     4.24     5.09   644.90    291194.0    4.61   -7.10    0.91
2017  86 20 15     4.08     4.83   649.30    256874.0    3.88   -7.89    0.62
2017  86 20 20     4.21     5.13   640.40    270780.0    5.60   -6.26   -0.27
2017  86 20 25     4.87     5.93   640.90    314649.0    4.65   -1.17   -2.91
2017  86 20 30     4.81     5.52   660.30    345960.0    2.95   -1.67   -1.05
2017  86 20 35     5.31     6.17   655.90    384359.0    4.05   -5.88    0.77
2017  86 20 40     5.49     5.96   678.90    366191.0    0.33   -7.36    0.82
2017  86 20 45     4.83     5.23   680.30    271241.0    2.78   -6.38    0.61
2017  86 20 50     5.28     5.93   667.30    391293.0    3.43   -5.09   -0.79
2017  86 20 55     5.33     6.07   662.30    396361.0    4.01   -2.57   -3.54
2017  86 21  0     5.37     6.26   654.60    445045.0    4.28   -4.58   -2.39
2017  86 21  5     5.42     6.03   670.20    367415.0    2.23   -2.28   -4.36
2017  86 21 10     5.47     6.34   656.90    364701.0    3.75   -4.25   -2.80
2017  86 21 15     5.05     6.02   647.40    310415.0    5.09   -1.94   -4.81
2017  86 21 20     5.05     5.95   651.10    395602.0    4.16   -3.37   -5.02
2017  86 21 25     5.29     6.11   658.30    363111.0    2.65   -1.22   -6.54
2017  86 21 30     5.03     5.87   655.00    339185.0    3.62   -1.57   -4.65
2017  86 21 35     5.17     6.05   653.60    290423.0    5.23   -1.55   -3.98
2017  86 21 40     4.98     6.13   637.50    248880.0    6.51   -5.23    0.16
2017  86 21 45     5.19     6.28   643.60    296207.0    6.50   -4.36    0.27
2017  86 21 50     4.86     6.14   629.10    255466.0    7.58   -3.10   -1.21
2017  86 21 55     4.97     6.07   640.70    243440.0    5.84   -4.79    1.25
2017  86 22  0     5.06     5.99   650.70    277056.0    3.55   -5.13   -0.53
2017  86 22  5     5.20     6.00   659.10    290891.0    4.40   -4.64    6.40
2017  86 22 10     5.31     6.21   654.10    312714.0    3.17   -5.54    4.37
2017  86 22 15     5.42     6.14   667.00    272742.0    5.27   -4.38    0.39
2017  86 22 20     5.89     7.16   641.50    342808.0    6.85   -1.83    0.34
2017  86 22 25     5.90     6.33   682.50    339973.0    0.33   -4.18    5.61
2017  86 22 30     5.72     6.42   667.60    334014.0    2.88   -4.75    5.45
2017  86 22 35     5.42     6.34   653.80    330974.0    5.13   -2.74    3.11
2017  86 22 40     5.43     6.60   641.40    328441.0    5.68   -3.85    1.46
2017  86 22 45     6.74     7.24   681.80    496038.0    1.89   -1.63    6.95
2017  86 22 50     5.42     6.21   659.90    374481.0    5.04   -4.03   -1.51
2017  86 22 55     5.34     6.27   652.50    429208.0    4.31   -4.02   -2.68
2017  86 23  0     5.64     6.30   669.10    415872.0    3.05   -6.22    3.90
2017  86 23  5     5.25     5.96   663.20    352861.0    3.82   -7.81    0.64
2017  86 23 10     4.81     5.69   650.30    306739.0    5.70   -4.32   -4.88
2017  86 23 15     4.64     5.57   645.00    302853.0    5.88   -1.94   -5.84
2017  86 23 20     4.43     5.15   655.80    300818.0    5.65   -2.88   -5.18
2017  86 23 25     4.31     5.07   651.90    279337.0    5.77   -2.25   -4.76
2017  86 23 30     4.48     5.34   647.60    221688.0    6.17   -1.81   -3.81
2017  86 23 35     4.69     5.72   640.20    215606.0    7.22    0.39   -0.70
2017  86 23 40     4.37     5.05   657.30    230794.0    5.24    1.39    4.02
2017  86 23 45     4.38     4.76   678.60    322181.0    2.31   -5.02    3.49
2017  86 23 50     3.65     4.02   673.50    251950.0    4.20   -1.34    4.50
2017  86 23 55     3.80     4.39   658.10    207692.0    6.11   -2.46    4.00
